Sensor calibration

BEGIN DATA COLLECTION
True distance 20
40
40
39
40
38
40
40
40
38
40
33
39
37
35
37
40
39
35
33
36

True distance 40
60
58
62
58
58
58
65
60
59
58
56
59
58
59
54
60
63
60
59
59

True distance 60
83
85
85
80
83
82
84
81
83
83
88
82
83
85
77
84
83
82
81
84

True distance 80
109
109
103
104
103
99
106
108
105
108
111
108
108
108
106
105
102
106
104
111

True distance 100
131
139
135
137
134
140
135
134
136
139
138
134
133
135
135
130
135
135
141
131

True distance 120
176
179
178
177
179
180
176
179
184
180
176
175
179
176
175
178
181
175
183
179

True distance 140
223
224
226
224
228
223
224
220
230
225
220
226
222
226
221
226
225
223
227
225

True distance 160
255
259
260
260
257
257
256
257
257
260
262
261
259
258
258
254
260
258
251
259

True distance 180
277
273
277
275
278
275
278
279
275
283
279
274
271
274
275
282
278
270
277
279

END DATA COLLECTION
