1207
9.626326 0.382852 0.857229
9.580265 0.294317 0.858425
9.596415 0.308076 0.860220
9.608380 0.359522 0.854238
9.632308 0.398405 0.853639
9.634700 0.361914 0.851845
9.597612 0.317049 0.857827
9.596415 0.327817 0.866202
9.621541 0.355334 0.854238
9.630513 0.372084 0.856032
9.615559 0.351745 0.853041
9.602398 0.342174 0.858425
9.597612 0.336790 0.859023
9.613165 0.347557 0.856630
9.625129 0.372084 0.854238
9.626326 0.357727 0.846461
9.603594 0.335593 0.847059
9.606585 0.339183 0.852443
9.625728 0.370289 0.848854
9.625728 0.364307 0.848256

1273
9.671790 0.435494 0.712463
9.576675 0.277567 0.720240
9.642478 0.393619 0.713061
9.615559 0.327219 0.733400
9.629916 0.356531 0.725025
9.608978 0.322433 0.725025
9.613763 0.343370 0.719043
9.634103 0.350549 0.728016
9.631112 0.353540 0.733400
9.617353 0.334995 0.726222
9.621541 0.339781 0.728016
9.619148 0.333799 0.728016
9.632308 0.360718 0.723231
9.631710 0.354138 0.721436
9.611969 0.330210 0.732204
9.612566 0.325424 0.730409
9.622736 0.349950 0.725623
9.629916 0.358923 0.719641
9.620942 0.350549 0.725025
9.619148 0.327817 0.723231

1340
9.570095 0.235693 0.610768
9.652049 0.368495 0.594616
9.609576 0.309272 0.597607
9.627523 0.330210 0.588036
9.634700 0.343968 0.588634
9.636496 0.346361 0.601795
9.631710 0.345763 0.589233
9.619747 0.336192 0.595813
9.631112 0.337986 0.595813
9.637692 0.338584 0.594616
9.632308 0.351147 0.591625
9.624531 0.338584 0.598804
9.633504 0.332004 0.587438
9.624531 0.336790 0.586840
9.628121 0.340977 0.595813
9.637692 0.349950 0.592822
9.633504 0.343968 0.589831
9.633504 0.340977 0.595813
9.622736 0.327219 0.594018
9.633504 0.340379 0.597607

1406
9.677772 0.402592 0.422931
9.638888 0.338584 0.436690
9.612566 0.306880 0.438485
9.630513 0.318245 0.439083
9.645469 0.365504 0.433101
9.645469 0.354736 0.433101
9.625129 0.309871 0.430110
9.633504 0.335593 0.433699
9.634103 0.341575 0.433699
9.638291 0.342174 0.439083
9.626326 0.316451 0.434896
9.635299 0.329611 0.434896
9.635299 0.333799 0.448654
9.635299 0.346959 0.438485
9.643673 0.355334 0.442074
9.631112 0.325424 0.443270
9.631710 0.333799 0.440279
9.623933 0.332602 0.440279
9.646067 0.359522 0.446261
9.623335 0.329013 0.440878

1473
9.574282 0.223131 0.296710
9.667602 0.388235 0.281755
9.628121 0.337388 0.297308
9.644870 0.361316 0.285344
9.614362 0.309272 0.289532
9.639487 0.338584 0.279960
9.647861 0.348156 0.294317
9.636496 0.336790 0.290728
9.633504 0.330210 0.292523
9.631112 0.322433 0.287139
9.646665 0.345763 0.286541
9.639487 0.338584 0.292523
9.643075 0.346361 0.294915
9.634103 0.321236 0.300299
9.632308 0.331406 0.296112
9.636496 0.331406 0.294915
9.641880 0.345165 0.293719
9.643075 0.332004 0.286541
9.643673 0.329013 0.284746
9.629317 0.319442 0.297906

1540
9.596415 0.256630 0.145962
9.704092 0.433101 0.113061
9.711271 0.454636 0.107079
9.561719 0.206979 0.154935
9.621541 0.291924 0.135793
9.660424 0.369691 0.120239
9.615559 0.293121 0.135195
9.613165 0.281157 0.130409
9.629317 0.309871 0.131007
9.649058 0.347557 0.120838
9.629317 0.315254 0.129212
9.618549 0.282353 0.136989
9.653245 0.352941 0.128016
9.655040 0.348754 0.129212
9.628121 0.321835 0.137587
9.616157 0.288933 0.126820
9.650853 0.346361 0.135195
9.659826 0.338584 0.125025
9.625728 0.326620 0.126820
9.635299 0.335593 0.135793

1606
9.670593 0.376870 -0.037089
9.749557 0.518046 -0.064008
9.697513 0.440878 -0.052642
9.570095 0.196810 -0.004786
9.646067 0.331406 -0.022732
9.694522 0.410369 -0.042473
9.594023 0.238086 -0.006580
9.614960 0.277567 -0.020937
9.646067 0.337388 -0.028116
9.624531 0.282951 -0.018544
9.608380 0.251246 -0.008973
9.632308 0.302094 -0.028714
9.655040 0.333201 -0.028116
9.631710 0.294317 -0.023928
9.619747 0.287737 -0.018544
9.643075 0.321236 -0.037089
9.648460 0.334995 -0.035892
9.634700 0.308076 -0.032303
9.630513 0.293121 -0.029312
9.631112 0.318245 -0.034696

1673
9.691530 0.406780 -0.189631
9.873385 0.727418 -0.257228
9.709477 0.437887 -0.190828
9.517453 0.115454 -0.140578
9.720245 0.457627 -0.200399
9.745369 0.516251 -0.214158
9.520443 0.117248 -0.138186
9.631710 0.306281 -0.182453
9.702896 0.423530 -0.187837
9.558729 0.189033 -0.152542
9.608978 0.266202 -0.173480
9.672389 0.373280 -0.192622
9.597612 0.250648 -0.162712
9.578469 0.230309 -0.160917
9.641880 0.324228 -0.176471
9.635299 0.306880 -0.178265
9.598809 0.255434 -0.171087
9.628121 0.291326 -0.175872
9.628719 0.303889 -0.175274
9.617951 0.288335 -0.176471

1739
9.575478 0.224327 -0.316451
9.536595 0.162114 -0.293719
9.649058 0.344566 -0.332004
9.606585 0.282353 -0.320638
9.583255 0.225524 -0.303889
9.629317 0.317049 -0.324826
9.607782 0.275175 -0.315254
9.579666 0.228515 -0.317647
9.640085 0.327219 -0.327817
9.622736 0.287139 -0.330210
9.596415 0.263809 -0.310469
9.626326 0.297308 -0.327817
9.619148 0.293121 -0.321835
9.617353 0.293121 -0.318245
9.631112 0.286541 -0.325424
9.623335 0.302094 -0.318844
9.615559 0.271585 -0.322433
9.623933 0.308076 -0.327817
9.631112 0.306281 -0.312862
9.604790 0.291326 -0.312263

1806
9.552149 0.191426 -0.424726
9.574282 0.224925 -0.433699
9.661620 0.369691 -0.448654
9.567702 0.205783 -0.415753
9.565309 0.205783 -0.432503
9.652647 0.348754 -0.450449
9.590434 0.265603 -0.437288
9.606585 0.290130 -0.436092
9.634700 0.309272 -0.446860
9.583853 0.233300 -0.431306
9.604193 0.278166 -0.444467
9.653245 0.348156 -0.448654
9.592826 0.254237 -0.429512
9.622736 0.286541 -0.445663
9.634103 0.317049 -0.448056
9.599407 0.263809 -0.440878
9.641282 0.321835 -0.457627
9.630513 0.309871 -0.438485
9.597014 0.274576 -0.431904
9.609576 0.294317 -0.438485

1873
9.623933 0.299103 -0.586242
9.624531 0.306880 -0.580259
9.556337 0.214756 -0.548554
9.617951 0.299103 -0.602393
9.629317 0.333201 -0.594018
9.611371 0.301496 -0.586840
9.583255 0.252443 -0.578465
9.606585 0.296710 -0.579063
9.622138 0.317647 -0.583250
9.613165 0.282353 -0.576670
9.615559 0.303889 -0.583849
9.594023 0.276969 -0.574876
9.607782 0.287139 -0.585643
9.626924 0.318844 -0.586840
9.606585 0.288933 -0.581456
9.604790 0.288335 -0.586242
9.602996 0.283549 -0.576670
9.622138 0.290130 -0.585045
9.608380 0.283549 -0.586242
9.607184 0.306880 -0.576670

